80269
80101
83501
85480
80675
81523
80623
81063
80292
81944
82561
80783
84094
80646
80366
85042
84796
81449
84626
82928
82135
82555
82447
84035
80294
81497
85426
84274
85191
81380
80147
81721
85240
80865
81124
83349
80205
84995
83092
84297
81547
81113
81923
81650
81133
82790
81681
83467
80502
84135
82609
83970
83175
83085
81007
83471
84205
81880
84910
82170
80426
82194
85003
81483
81645
84834
84903
81574
84322
84917
80411
83379
81503
84666
84990
81871
81668
82108
84000
80496
83086
81144
84811
83804
81540
82843
83891
84382
83440
83284
83560
84378
81896
81373
82070
82089
82860
83524
83429
81502
82500
85142
81493
83242
80263
82037
84057
81224
84782
83506
82552
82182
85209
80543
81772
80137
81715
82448
84455
84937
82826
81727
81392
82431
81949
81421
81320
83539
84706
83561
82877
82693
82373
85107
85036
82383
82890
83647
80653
82503
81205
85247
84808
81834
80826
80349
83186
84155
81214
83950
